0.0
51.38555
111.12099
180.42752
260.67285
353.29355
459.8648
582.0046
721.4181
879.8275
1058.8865
1260.6597
1486.5503
1738.1008
2016.1531
2320.9724
2651.1602
3003.8645
3378.396
3771.9587
4182.757
4608.7334
5048.801
5500.9556
5961.9385
6431.647
6909.7354
7396.36
7891.1104
8395.236
8909.466
9431.751
9962.787
10503.609
11055.683
11621.485
12203.06
12801.224
13417.425
14053.078
14707.669
15380.88
16074.089
16788.963
17528.24
18294.139
19092.945
19924.82
20788.066
21656.064
22528.09
23405.123
24286.922
25172.49
26061.645
26957.111
27860.076
28769.684
29690.123
30619.834
